# Created by Octave 4.2.2, Thu Apr 16 11:34:04 2020 CEST <jmr@wbjamr>
# name: M
# type: matrix
# rows: 100
# columns: 2
 -1.952205013483763 -1.836453381066675
 -1.931041926145554 -0.7548160591137416
 -1.903831362724304 -1.559146803010783
 -1.860364533960819 -1.105578608716548
 -1.85640562698245 -1.498907736856105
 -1.855196185410023 -0.9675846552833878
 -1.763412356376648 -1.237971366795109
 -1.685029335319996 -0.6906043688846794
 -1.629881799221039 -0.3334808780121621
 -1.602374672889709 -0.4552101367379525
 -1.596921563148499 -1.006475441162428
 -1.538250252604485 -0.4517740802077241
 -1.499971956014633 -0.5991902364728441
 -1.465705394744873 -1.002986594656051
 -1.443156555294991 -0.2294625647650501
 -1.419655129313469 -0.2729943219142135
 -1.382083550095558 -0.06184754768417397
 -1.381617426872253 -1.031487106458546
 -1.317223578691483 -0.02226014099622411
 -1.299770802259445 -0.3292736306309886
 -1.267302125692368 -0.3277655420791847
 -1.25668428838253 -0.7245563091131516
 -1.223084390163422 -1.069607889024541
 -1.19069117307663 0.5210992383701297
 -1.176025927066803 0.1847738560291832
 -1.139208942651749 0.1319977177727892
 -1.081977307796478 -0.4128086577413395
 -0.8028730750083923 0.08774742286215267
 -0.7229893803596497 -0.4731595721378816
 -0.7207274734973907 -0.9175584117193725
 -0.6332120001316071 0.5865520998608281
 -0.4538114666938782 0.4700956082096308
 -0.425484299659729 0.3396188240115893
 -0.2260361313819885 0.1184438254788561
 -0.2166129946708679 0.2222062287193015
 -0.1012910604476929 0.1174153681503103
 0.05735856294631958 0.03210278550885964
 0.08281844854354858 -0.2006186981707823
 0.1033596992492676 0.3227977765442755
 0.1202831864356995 0.1477324915857297
 0.1825569272041321 -0.3790587395089368
 0.2033687233924866 0.3853464799080903
 0.2663482427597046 -0.2258469789479148
 0.3406879901885986 0.6702806568635866
 0.3948915004730225 -0.2342021936216767
 0.444265604019165 0.2653189402913534
 0.5081513524055481 0.8371061605513417
 0.5532950758934021 0.4524837542415722
 0.6004987359046936 0.8453268618722793
 0.6304275393486023 -0.02798834923825272
 0.6442807912826538 0.2888059199337176
 0.8047945499420166 -0.01225209579911277
 0.8167237639427185 -0.5176777438213742
 0.890819251537323 0.2674858138178582
 0.9071769714355469 0.1446769708173895
 0.9704835414886475 0.2767532144052742
 0.9855745434761047 0.3147682525953509
 0.9963938593864441 -0.1171385096715102
 1.043074488639832 0.5466778567450074
 1.045860052108765 0.509453643367875
 1.087243318557739 -0.3432395648881693
 1.109094738960266 0.1353066961973579
 1.1206876039505 -0.41133468002695
 1.34331738948822 -0.2189343551853099
 1.409565448760986 0.8620753632184339
 1.41411554813385 0.5591599096307317
 1.479772806167603 -0.5325093717248134
 1.481998324394226 0.1951892845216008
 1.610245823860168 0.3422933281038893
 1.701789975166321 0.06620561685818491
 1.835267066955566 -0.3118844933156496
 1.888650178909302 -0.5988131731600495
 2.091012120246887 -0.4031049294108634
 2.153780460357666 -0.1499294424506701
 2.167629241943359 0.1957347104729741
 2.394246935844421 -0.3575184955166754
 2.436898350715637 0.2439455704230226
 2.629600048065186 -0.3806796613457086
 2.701963186264038 -0.2270696987961785
 2.746987462043762 0.05573042797864772
 2.900210976600647 -0.5676068862154342
 2.978187084197998 -0.0139512789068985
 3.006697177886963 -0.1731635093150345
 3.020735502243042 -0.06945952848586456
 3.140221476554871 0.1405122013648581
 3.142982006072998 0.3990795807097186
 3.215761423110962 -0.3424502036519962
 3.341933608055115 0.767512852271828
 3.397419571876526 0.2265231451797695
 3.413263559341431 0.9694946179744851
 3.537769198417664 0.6575113011612072
 3.568370699882507 0.7619368739689016
 3.57920253276825 0.1758454642184183
 3.592561364173889 0.3570982376627685
 3.614579439163208 0.2244595597625686
 3.62121307849884 0.2447851115107811
 3.672550916671753 0.8734910033163836
 3.801371693611145 1.187071343079802
 3.945478916168213 1.801430826072971
 3.950630187988281 1.728408962216587


